[gd_scene load_steps=6 format=2]

[ext_resource path="res://assets/devworld/Environment.tscn" type="PackedScene" id=1]
[ext_resource path="res://assets/P1/P1.tscn" type="PackedScene" id=2]
[ext_resource path="res://game/Camera/Camera.tscn" type="PackedScene" id=3]

[sub_resource type="ProceduralSky" id=1]
radiance_size = 0

[sub_resource type="Environment" id=2]
background_mode = 2
background_sky = SubResource( 1 )
background_color = Color( 0.270588, 0.25098, 0.25098, 1 )
background_energy = 1.53
ambient_light_color = Color( 0.654902, 0.792157, 0.933333, 1 )
ssao_enabled = true

[node name="Spatial" type="Spatial"]

[node name="Environment" parent="." instance=ExtResource( 1 )]

[node name="DirectionalLight" type="DirectionalLight" parent="."]
transform = Transform( -0.402623, -0.669713, 0.624003, -0.472945, 0.735856, 0.484602, -0.78372, -0.100007, -0.61301, 0, 7.82134, 0 )
light_color = Color( 0.976471, 0.992157, 0.941176, 1 )
light_energy = 0.66
light_specular = 0.0
shadow_enabled = true
shadow_color = Color( 0.0235294, 0.360784, 0.505882, 1 )

[node name="P1" parent="." instance=ExtResource( 2 )]
orientator = NodePath("../CameraArm")

[node name="CameraArm" parent="." instance=ExtResource( 3 )]
transform = Transform( 0.707107, 0, 0.707107, 0, 1, 0, -0.707107, 0, 0.707107, 0, 0, 2.8026e-45 )
lerp_targets = [ NodePath("../P1") ]

[node name="Camera" parent="CameraArm" index="0"]
transform = Transform( 1, 0, 0, 0, 0.707107, 0.707107, 0, -0.707107, 0.707107, 0, 20, 20 )
projection = 1
fov = 38.9
size = 30.0
near = 0.1

[node name="WorldEnvironment" type="WorldEnvironment" parent="."]
environment = SubResource( 2 )

[editable path="CameraArm"]
